5 5 0		0.550 0.550 0.000
13 4 15		1.350 0.450 5.890
20 2 0		2.050 0.250 0.000
28 3 1		2.850 0.350 0.393
33 7 2		3.350 0.750 0.785
40 12 1		4.050 1.250 0.393
46 15 1		4.650 1.550 0.393
52 18 1		5.250 1.850 0.393
57 22 2		5.750 2.250 0.785
64 27 1		6.450 2.750 0.393
66 28 1		6.650 2.850 0.393
72 31 1		7.250 3.150 0.393
78 34 1		7.850 3.450 0.393
83 38 2		8.350 3.850 0.785
90 43 1		9.050 4.350 0.393
97 45 0		9.750 4.550 0.000
96 45 0		9.650 4.550 0.000
95 45 0		9.550 4.550 0.000
1.100 1.100 0.000
1.281 1.100 0.000
1.461 1.100 0.000
1.642 1.100 0.000
1.823 1.097 6.234
2.003 1.082 6.166
2.181 1.054 6.097
2.358 1.015 6.028
2.531 0.963 5.959
2.700 0.900 5.891
2.851 0.838 5.891
3.002 0.775 5.891
3.152 0.713 5.891
3.303 0.651 5.910
3.457 0.597 5.984
3.615 0.555 6.059
3.775 0.524 6.134
3.937 0.506 6.208
4.100 0.500 0.000
4.281 0.500 0.000
4.461 0.500 0.000
4.642 0.500 0.000
4.823 0.503 0.049
5.003 0.518 0.118
5.181 0.545 0.186
5.358 0.585 0.255
5.531 0.637 0.324
5.700 0.700 0.393
5.819 0.774 0.423
5.937 0.852 0.453
6.052 0.933 0.484
6.166 1.018 0.514
6.277 1.107 0.544
6.387 1.200 0.575
6.494 1.297 0.605
6.598 1.397 0.635
6.700 1.500 0.785
6.836 1.636 0.785
6.974 1.771 0.756
7.117 1.900 0.704
7.267 2.021 0.652
7.424 2.134 0.600
7.585 2.238 0.548
7.752 2.334 0.496
7.924 2.422 0.445
8.100 2.500 0.393
8.233 2.567 0.393
8.367 2.633 0.393
8.500 2.700 0.393
8.633 2.767 0.393
8.767 2.833 0.393
8.900 2.900 0.393
9.033 2.967 0.393
9.167 3.033 0.393
9.300 3.100 0.393
9.433 3.167 0.393
9.567 3.233 0.393
9.700 3.300 0.393
9.833 3.367 0.393
9.967 3.433 0.393
10.100 3.500 0.393
10.233 3.567 0.393
10.367 3.633 0.393
10.500 3.700 0.393
10.619 3.774 0.423
10.737 3.852 0.453
10.852 3.933 0.484
10.966 4.018 0.514
11.077 4.107 0.544
11.187 4.200 0.575
11.294 4.297 0.605
11.398 4.397 0.635
11.500 4.500 0.785
11.636 4.636 0.785
11.774 4.771 0.756
11.917 4.900 0.704
12.067 5.021 0.652
12.223 5.133 0.600
12.385 5.238 0.548
12.552 5.334 0.496
12.724 5.422 0.445
12.900 5.500 0.393
12.944 5.522 0.393
12.989 5.544 0.393
13.033 5.567 0.393
13.078 5.589 0.393
13.122 5.611 0.393
13.167 5.633 0.393
13.211 5.656 0.393
13.256 5.678 0.393
13.300 5.700 0.393
13.433 5.767 0.393
13.567 5.833 0.393
13.700 5.900 0.393
13.833 5.967 0.393
13.967 6.033 0.393
14.100 6.100 0.393
14.233 6.167 0.393
14.367 6.233 0.393
14.500 6.300 0.393
14.633 6.367 0.393
14.767 6.433 0.393
14.900 6.500 0.393
15.033 6.567 0.393
15.167 6.633 0.393
15.300 6.700 0.393
15.433 6.767 0.393
15.567 6.833 0.393
15.700 6.900 0.393
15.819 6.974 0.423
15.937 7.052 0.453
16.052 7.133 0.484
16.166 7.218 0.514
16.277 7.308 0.544
16.387 7.400 0.575
16.494 7.497 0.605
16.598 7.597 0.635
16.700 7.700 0.785
16.836 7.836 0.785
16.974 7.971 0.756
17.117 8.100 0.704
17.267 8.221 0.652
17.424 8.334 0.600
17.585 8.438 0.548
17.752 8.534 0.496
17.924 8.622 0.445
18.100 8.700 0.393
18.251 8.762 0.393
18.402 8.825 0.393
18.552 8.887 0.393
18.703 8.949 0.374
18.857 9.003 0.299
19.015 9.045 0.224
19.175 9.076 0.149
19.337 9.094 0.075
19.500 9.100 0.000
19.478 9.100 0.000
19.456 9.100 0.000
19.433 9.100 0.000
19.411 9.100 0.000
19.389 9.100 0.000
19.367 9.100 0.000
19.344 9.100 0.000
19.322 9.100 0.000
19.300 9.100 0.000
19.278 9.100 0.000
19.256 9.100 0.000
19.233 9.100 0.000
19.211 9.100 0.000
19.189 9.100 0.000
19.167 9.100 0.000
19.144 9.100 0.000
19.122 9.100 0.000
